421 20 R 52
577 7 R 21
107 40 R 88
501 24 S 95
380 31 R 52
602 7 R 19
537 17 R 60
24 40 R 13
11 5 S 18
398 40 S 210
71 8 R 28
204 40 R 62
520 6 R 24
299 19 S 422
597 6 R 63
239 17 R 59
435 27 R 54
469 17 R 29
353 25 R 56
408 18 R 59
358 25 R 50
452 15 R 59
220 6 R 23
85 19 R 60
376 15 R 55
142 42 S 70
353 17 R 56
598 14 S 288
130 13 S 131
510 15 R 55
378 17 R 29
171 23 R 48
369 17 R 60
190 24 R 46
302 21 R 29
75 18 R 60
322 10 R 14
434 16 R 55
544 17 R 55
56 38 S 120
285 17 R 57
21 41 R 12
173 13 S 84
201 41 R 11
446 12 R 90
93 12 R 78
371 15 R 50
35 13 S 66
256 17 R 60
470 19 R 31
182 30 S 306
150 25 R 59
169 17 R 56
613 12 R 94
160 25 S 276
173 42 S 88
486 19 S 389
339 15 R 101
391 16 R 53
314 22 R 47
114 16 R 57
316 13 S 40
508 34 R 60
457 15 R 47
215 25 S 335
341 17 R 58
14 5 R 9
447 10 R 88
137 17 R 59
482 15 R 53
299 17 R 54
334 7 R 86
481 12 S 374
5 14 S 6
469 19 R 29
404 24 R 30
78 25 R 58
293 34 R 58
471 17 R 52
343 29 R 99
199 6 R 9
148 29 S 261
42 21 S 94
437 41 R 26
449 29 S 533
580 40 R 83
378 19 R 29
282 15 S 403
334 5 R 86
52 41 R 26
46 6 R 84
466 44 S 351
75 16 R 60
22 7 R 85
21 7 R 12
520 7 R 24
459 12 S 542
188 19 S 102
387 19 R 31
403 38 S 494
298 27 R 60
200 41 R 10
318 22 R 53
615 15 S 618
495 17 R 56
361 30 S 228
243 12 S 132
224 7 R 21
98 22 R 48
132 18 R 60
560 15 R 69
18 14 S 38
94 13 R 79
616 12 R 64
341 19 R 58
201 6 R 11
418 42 S 293
145 42 S 70
209 6 R 13
188 16 S 99
583 6 R 93
376 17 R 55
606 25 S 613
306 12 S 427
200 39 R 10
444 6 S 194
208 13 S 40
157 42 S 78
41 21 R 60
612 10 R 92
518 14 S 180
474 25 R 53
586 19 R 30
420 21 R 47
224 40 R 21
176 13 S 84
124 25 R 49
94 14 R 79
17 6 R 61
512 18 S 423
178 19 R 60
535 29 R 56
291 35 S 413
487 19 S 389
189 22 R 51
420 24 R 47
191 23 R 60
483 19 S 381
374 16 R 60
143 14 S 65
530 10 R 89
581 5 R 91
134 16 S 243
327 41 R 84
205 12 S 41
392 25 R 27
431 38 R 46
31 40 R 14
394 28 R 29
185 16 R 58
83 12 S 132
163 27 S 92
97 42 R 82
37 42 S 78
465 25 S 551
33 25 R 18
315 16 R 52
56 12 S 122
220 5 R 23
88 17 R 58
260 39 R 35
115 19 R 60
204 5 R 62
146 12 S 256
143 13 S 251
188 18 S 103
344 14 S 130
549 18 R 60
24 12 R 13
34 37 S 63
452 18 R 59
185 19 R 58
405 18 R 29
471 29 R 52
479 15 R 52
512 16 R 55
338 17 R 60
188 24 R 49
314 16 S 99
131 16 R 57
362 29 R 54
472 13 S 121
602 5 R 19
453 42 S 70
278 14 S 72
219 25 S 352
303 16 R 31
355 16 R 57
525 5 R 25
306 42 S 70
326 38 S 444
420 17 S 173
438 28 S 56
464 13 S 548
600 15 R 54
295 15 R 49
406 18 R 31
81 12 R 66
271 16 R 55
358 29 R 50
127 5 R 25
327 7 R 84
416 13 S 289
389 12 S 269
597 40 R 63
191 17 R 60
352 7 R 19
111 5 R 24
172 42 S 88
216 14 S 336
14 40 R 9
108 7 S 208
545 41 R 92
613 6 R 94
207 5 R 85
417 35 R 47
38 12 S 80
468 16 R 30
562 18 R 30
445 12 S 198
370 31 S 478
170 13 S 289
241 19 R 56
87 21 R 49
364 25 R 42
602 10 R 19
492 42 S 135
601 17 R 55
193 21 R 55
565 20 S 93
334 40 R 86
527 15 S 578
419 42 S 293
583 40 R 93
138 13 S 248
284 20 R 56
549 31 R 60
456 13 S 337
574 39 R 20
104 5 S 203
202 41 R 61
259 18 R 56
150 17 R 59
526 39 R 27
132 30 S 240
40 20 R 57
8 10 S 20
558 15 S 596
218 12 R 20
504 34 R 50
269 16 R 60
67 17 R 60
249 31 R 60
177 17 R 57
284 27 R 56
303 22 R 31
40 19 R 57
347 15 R 98
372 15 R 51
249 18 R 60
436 17 R 55
22 5 R 85
21 5 R 12
40 24 R 57
175 12 S 298
295 23 R 49
19 40 R 62
174 17 S 173
24 8 R 13
580 6 R 83
84 22 R 57
515 17 R 31
559 10 R 64
520 41 R 24
537 30 S 138
122 25 R 60
483 31 R 54
400 15 R 18
147 15 S 259
506 35 R 51
157 13 S 74
522 25 S 576
404 19 R 30
553 19 S 472
290 15 R 60
464 42 S 70
88 18 R 58
511 22 R 54
125 16 R 58
402 42 S 135
319 30 S 54
512 20 R 55
229 29 R 48
571 17 R 53
323 37 S 63
405 23 R 29
17 40 R 61
393 28 R 30
490 15 R 15
361 29 R 60
437 5 R 26
311 14 S 180
292 18 S 419
377 17 R 30
44 22 R 58
209 5 R 13
405 15 R 29
379 19 R 31
187 27 R 50
337 15 R 57
66 16 R 57
525 10 R 25
101 20 R 47
214 39 S 334
213 7 R 89
113 25 S 220
96 42 R 81
223 28 R 31
102 13 S 40
581 7 R 91
230 42 S 125
509 15 R 54
294 23 R 50
551 41 R 94
405 24 R 29
300 24 R 55
311 13 S 181
89 23 R 59
130 42 S 135
122 16 R 60
477 15 R 29
591 14 S 336
397 25 R 74
548 19 R 57
117 6 R 22
281 36 S 399
125 29 R 58
81 42 R 66
252 16 R 60
277 23 S 96
384 39 R 37
102 14 S 186
388 16 R 52
602 40 R 19
207 12 R 85
277 15 S 169
556 15 R 55
418 13 S 289
325 25 S 79
63 25 R 17
505 18 S 419
564 17 R 31
320 10 R 83
333 6 R 91
43 20 R 49
591 13 S 337
240 13 S 368
379 17 R 31
116 31 S 223
14 10 R 9
264 19 R 60
301 19 R 30
192 20 R 54
501 22 S 97
405 27 R 29
91 12 S 182
415 42 S 293
514 17 R 29
277 24 S 95
563 16 R 29
274 17 R 60
413 13 S 40
226 39 S 354
290 34 R 60
299 22 R 54
526 7 R 27
333 10 R 91
549 16 R 60
555 15 R 54
401 37 S 491
436 27 R 55
588 29 R 31
129 40 R 27
122 18 R 60
211 14 S 332
26 14 S 51
22 3 S 48
86 23 S 96
533 14 S 336
256 18 R 60
495 35 R 56
421 27 R 52
195 39 S 320
125 25 R 58
320 40 R 83
24 41 R 13
398 41 S 211
302 27 R 29
198 37 S 33
181 16 R 57
31 10 R 14
204 41 R 62
356 19 R 60
477 16 R 29
492 14 S 130
124 17 S 231
168 14 S 65
420 22 R 47
145 14 S 65
99 42 S 44
581 41 R 91
130 12 S 132
257 18 S 382
378 16 R 29
445 5 S 203
171 22 R 48
525 6 R 25
273 18 R 57
392 42 R 27
75 19 R 60
212 39 S 333
544 16 R 55
196 10 S 205
115 30 S 138
21 40 R 12
284 15 R 56
201 40 R 11
608 17 R 55
382 13 S 251
256 16 R 60
470 18 R 31
107 10 R 88
619 5 R 63
118 25 S 224
486 18 S 390
296 24 R 51
603 5 S 203
585 15 S 606
391 17 R 53
132 15 R 60
424 27 R 53
316 12 S 191
322 6 R 14
181 18 R 57
481 13 S 131
293 35 R 58
379 31 R 31
309 14 S 180
382 14 S 65
381 13 S 251
424 20 R 53
182 38 R 60
21 8 R 12
597 5 R 63
580 41 R 83
378 18 R 29
16 10 R 11
155 16 S 153
523 10 R 22
84 17 R 57
608 19 S 590
476 17 R 30
75 17 R 60
506 15 R 51
167 24 R 59
386 19 R 29
459 13 S 337
253 31 R 50
446 3 S 329
243 42 S 135
383 31 R 53
298 24 R 60
318 23 R 53
96 13 R 81
534 12 S 346
568 17 R 52
41 27 R 60
127 41 R 25
518 12 S 432
243 13 S 131
589 16 R 52
98 23 R 48
618 15 R 72
45 38 S 104
94 12 R 79
139 28 R 29
369 30 S 138
288 13 S 131
600 17 R 54
295 17 S 173
398 7 S 208
208 12 S 41
572 18 S 518
437 40 R 26
120 13 S 148
41 20 R 60
152 25 R 48
35 12 S 67
224 41 R 21
176 12 S 298
442 12 R 28
41 18 R 60
126 30 S 54
100 14 S 186
601 35 R 55
583 39 R 93
178 18 R 60
303 27 R 31
189 21 R 51
191 22 R 60
487 25 R 55
213 10 R 89
437 6 R 26
609 34 S 412
374 15 R 60
537 19 R 60
134 15 R 49
327 40 R 84
205 13 S 40
559 6 R 64
335 8 R 93
510 16 R 55
293 16 R 58
185 17 R 58
67 30 S 138
153 42 S 78
342 15 S 460
83 13 S 131
367 15 R 56
179 31 S 303
24 5 R 13
14 7 R 9
446 39 R 90
10 8 S 29
340 17 S 456
278 12 S 75
37 14 S 72
23 12 S 41
274 30 S 138
442 7 R 28
473 42 S 125
496 18 R 57
34 36 S 62
301 23 R 30
346 15 R 60
507 34 R 46
459 42 S 341
497 31 R 60
336 14 S 130
479 16 R 52
359 25 R 51
328 10 R 87
289 15 R 57
551 8 R 94
338 16 R 60
131 17 R 57
295 24 R 49
466 42 S 348
581 39 R 91
93 14 R 78
234 14 S 119
322 40 R 14
327 12 R 84
303 17 R 31
355 17 R 57
581 10 R 91
443 12 S 41
301 24 R 30
530 6 R 89
293 18 R 58
420 16 S 172
534 13 S 345
105 10 S 205
345 15 R 57
82 14 S 161
295 16 S 172
559 7 R 64
174 22 R 47
81 13 R 66
271 17 R 55
588 15 R 31
19 6 R 62
416 12 S 290
389 13 S 74
193 27 R 55
545 7 R 92
592 15 R 53
46 10 R 84
518 13 S 181
14 41 R 9
218 8 R 20
591 42 S 341
335 6 R 93
14 8 R 9
317 12 S 191
534 14 S 344
562 17 R 30
60 25 S 128
315 17 R 52
193 16 R 55
85 23 R 60
170 12 S 290
87 20 R 49
595 15 R 31
54 42 S 70
140 37 R 31
196 40 S 210
193 20 R 55
565 27 S 92
334 41 R 86
564 15 R 31
138 12 S 249
284 21 R 56
456 12 S 338
433 16 R 54
569 14 S 288
249 16 R 60
259 19 R 56
150 16 R 59
523 41 R 22
175 14 S 83
40 21 R 57
180 42 S 135
204 10 R 62
85 24 R 60
391 25 R 53
292 15 R 49
550 31 S 595
269 17 R 60
612 6 R 92
67 18 R 60
194 12 S 319
351 12 S 346
337 18 R 57
526 41 R 27
298 17 R 60
40 18 R 57
162 12 R 68
249 19 R 60
480 42 S 135
419 12 S 508
199 12 R 9
500 42 S 88
305 18 R 59
175 13 S 84
295 22 R 49
323 36 S 62
174 16 S 172
469 29 R 29
151 12 S 264
84 23 R 57
515 18 R 31
488 15 S 557
392 14 R 27
317 14 S 186
537 31 R 60
446 40 R 90
511 15 R 54
52 5 R 26
444 5 S 203
404 18 R 30
307 38 R 48
125 17 R 58
510 34 R 55
484 17 R 55
153 14 S 72
164 15 S 279
437 12 R 26
574 12 R 20
366 25 R 39
56 42 S 125
405 22 R 29
44 16 R 58
453 12 S 537
327 5 R 84
70 19 R 58
207 39 R 85
44 23 R 58
444 7 S 208
11 7 S 23
446 7 R 90
450 29 S 534
515 38 R 31
206 6 R 12
101 27 R 47
573 17 R 55
298 19 R 60
281 30 S 35
607 18 S 591
252 18 R 60
300 17 R 55
102 12 S 191
613 5 R 94
164 12 S 281
508 17 R 60
294 20 R 50
551 40 R 94
103 42 S 44
555 18 S 481
89 22 R 59
110 29 S 217
505 16 S 415
386 25 R 29
472 42 S 125
583 41 R 93
548 18 R 57
432 38 R 60
396 42 S 293
425 18 R 56
281 37 S 400
137 31 R 59
442 6 R 28
582 39 R 86
494 40 S 210
277 22 S 97
593 15 R 30
602 41 R 19
585 29 S 466
218 5 R 20
11 12 S 13
8 5 S 18
299 24 R 54
319 29 S 57
418 12 S 508
202 5 R 61
263 31 R 57
401 36 S 490
436 21 R 55
505 19 S 418
352 6 R 19
43 23 R 49
240 12 S 369
532 25 S 583
17 10 R 61
264 18 R 60
85 15 R 60
301 16 R 30
192 21 R 54
501 21 S 94
91 13 S 181
559 41 R 64
514 16 R 29
563 17 R 29
520 10 R 24
21 10 R 12
264 31 R 60
328 5 R 87
274 16 R 60
314 20 R 47
24 6 R 13
494 5 S 203
526 12 R 27
543 16 R 54
32 25 R 16
555 16 R 54
534 44 S 351
58 25 S 127
426 31 R 57
409 14 S 65
47 8 R 87
335 41 R 93
86 20 S 93
145 12 S 256
192 19 S 316
424 15 R 53
576 10 R 23
166 15 S 284
213 41 R 89
320 41 R 83
203 14 S 325
363 18 S 473
487 16 R 55
171 24 R 48
156 13 S 74
530 7 R 89
302 24 R 29
198 36 S 32
436 19 S 316
181 17 R 57
172 13 S 84
296 27 R 51
132 17 R 60
525 41 R 25
435 21 R 54
314 27 R 47
601 34 R 55
461 14 S 336
542 30 S 453
257 19 S 381
311 42 S 185
228 13 S 355
15 41 R 10
190 22 R 46
316 14 S 186
273 19 R 57
525 39 R 25
576 40 R 23
456 42 S 341
196 7 S 208
239 18 R 59
53 28 S 56
613 39 R 94
87 16 S 172
350 29 R 95
446 10 R 90
69 31 R 49
136 37 R 30
382 12 S 256
598 42 S 293
402 14 S 130
381 12 S 256
192 17 R 54
613 10 R 94
363 16 R 55
181 19 R 57
476 19 R 30
616 10 R 64
341 15 R 58
513 18 R 30
458 14 S 336
248 17 R 57
298 22 R 60
88 27 R 58
42 27 S 92
352 10 R 19
513 38 R 30
438 29 S 57
220 7 R 23
155 17 S 154
539 29 R 50
84 16 R 57
124 29 R 49
30 8 R 7
202 12 R 61
464 12 S 549
322 5 R 14
167 27 R 59
386 18 R 29
227 29 R 59
124 19 S 233
272 25 S 392
412 13 S 40
90 14 S 65
318 20 R 53
96 12 R 81
612 5 R 92
551 5 R 94
587 15 R 29
72 13 S 131
568 16 R 52
127 40 R 25
234 42 S 125
243 14 S 130
589 17 R 52
363 25 R 55
220 10 R 23
417 16 S 415
245 16 S 243
98 20 R 48
542 29 R 60
41 16 R 60
536 16 R 57
369 31 R 60
362 17 R 54
47 10 R 87
124 16 S 230
297 24 R 46
218 40 R 20
286 19 R 60
15 10 R 10
161 14 S 83
387 18 R 31
612 12 R 92
495 18 R 56
107 8 R 88
209 41 R 13
231 12 S 122
111 7 R 24
41 19 R 60
530 40 R 89
608 16 R 55
123 29 R 32
178 17 R 60
289 18 R 57
227 16 R 59
189 20 R 51
46 7 R 84
175 42 S 88
104 40 S 210
348 15 R 58
496 31 R 57
609 35 S 413
31 6 R 14
85 30 S 168
233 14 S 119
293 17 R 58
67 31 R 60
83 14 S 130
135 15 R 58
367 16 R 56
322 41 R 14
163 21 S 94
362 19 S 472
169 24 R 56
22 6 R 85
75 30 S 151
104 7 S 208
56 14 S 119
381 42 S 70
562 34 R 30
340 16 S 455
322 12 R 14
141 31 R 48
106 5 R 90
213 8 R 89
419 13 S 289
236 25 R 43
434 18 S 518
47 5 R 87
565 23 S 96
387 25 R 31
301 22 R 30
34 28 S 37
512 21 R 55
204 6 R 62
295 18 S 176
479 17 R 52
577 12 R 21
470 29 R 31
429 38 R 50
364 29 S 57
332 42 S 450
338 15 R 60
131 18 R 57
108 12 S 198
335 40 R 93
551 6 R 94
234 13 S 121
545 12 R 92
352 5 R 19
109 15 S 215
48 7 S 23
355 18 R 57
444 10 S 205
443 13 S 40
207 10 R 85
293 19 R 58
377 31 R 30
435 22 R 54
82 13 S 40
104 10 S 205
517 13 S 181
46 8 R 84
611 10 S 205
174 23 R 47
105 6 S 194
447 5 R 88
411 15 S 499
82 25 S 162
44 19 R 58
111 8 R 24
437 39 R 26
554 29 R 55
259 25 R 56
529 39 S 581
569 12 S 508
89 18 R 59
617 39 S 619
329 7 S 208
611 7 S 208
562 16 R 30
445 10 S 205
193 17 R 55
406 17 R 31
85 22 R 60
512 27 R 55
87 23 R 49
441 25 S 526
217 44 S 351
213 5 R 89
601 15 R 55
191 18 R 60
140 36 R 31
196 41 S 211
351 14 S 344
278 13 S 74
323 28 S 37
275 31 S 395
404 15 R 30
284 22 R 56
15 7 R 10
433 17 R 54
582 41 R 86
616 40 R 64
249 17 R 60
519 16 R 53
27 29 S 57
11 6 S 9
322 7 R 14
453 13 S 536
523 40 R 22
468 19 R 30
40 22 R 57
204 7 R 62
206 7 R 12
376 18 S 481
8 12 S 13
151 14 S 65
361 25 R 60
218 10 R 20
241 16 R 56
67 19 R 60
351 13 S 345
461 13 S 337
451 15 S 535
327 6 R 84
337 19 R 57
460 25 S 545
368 31 R 57
530 39 R 89
298 16 R 60
486 25 R 54
303 24 R 31
556 19 S 480
88 15 R 58
220 40 R 23
315 21 R 52
206 5 R 12
349 15 S 465
153 12 S 75
341 29 R 58
129 5 R 27
235 29 S 57
464 14 S 65
269 25 R 60
305 19 R 59
174 15 R 47
151 13 S 263
84 24 R 57
515 19 R 31
283 12 R 67
446 41 R 90
511 16 R 54
544 18 S 591
571 34 R 53
180 13 S 131
106 40 R 90
182 19 R 60
597 10 R 63
197 25 S 322
511 24 R 54
300 19 S 422
468 29 R 30
484 16 R 55
114 18 R 57
454 15 R 48
509 18 S 570
554 17 R 55
508 19 R 60
93 42 R 78
406 23 R 31
405 21 R 29
334 12 R 86
480 12 S 374
338 30 S 453
497 19 R 60
70 18 R 58
566 13 S 131
44 24 R 58
543 15 R 54
477 18 R 29
398 10 S 205
187 21 R 50
448 12 S 198
287 31 S 406
425 16 R 56
421 23 R 52
607 19 S 590
129 8 R 27
300 16 R 55
416 42 S 293
159 42 S 70
508 16 R 60
128 39 R 2
294 21 R 50
608 29 R 55
71 10 R 28
555 19 S 480
89 21 R 59
505 17 S 416
531 39 S 582
566 14 S 130
61 25 R 4
354 29 R 33
590 13 S 337
567 15 R 47
457 29 R 47
199 41 R 9
497 16 R 60
597 7 R 63
425 19 R 56
595 29 R 31
452 16 R 59
151 42 S 70
494 41 S 211
277 21 S 94
378 31 R 29
78 19 R 58
127 10 R 25
495 16 R 56
554 19 S 472
462 15 S 547
577 6 R 21
299 27 R 54
619 7 R 63
319 28 S 56
29 39 R 3
436 22 R 55
440 25 S 525
159 12 S 274
320 12 R 83
409 12 S 497
43 22 R 49
563 19 R 29
52 8 R 26
65 42 S 135
309 13 S 181
278 42 S 78
520 12 R 24
301 17 R 30
192 22 R 54
501 20 S 93
433 38 R 54
353 18 R 56
91 14 S 180
559 40 R 64
251 18 R 57
270 19 S 389
424 21 R 53
487 18 S 390
117 8 R 22
563 18 R 29
35 42 S 70
369 18 R 60
198 30 S 35
264 30 S 138
368 19 R 57
528 39 S 580
577 41 R 21
314 21 R 47
250 31 S 379
381 14 S 65
555 17 R 54
204 39 R 62
224 8 R 21
353 29 R 56
86 21 S 94
533 12 S 338
145 13 S 251
563 34 R 29
463 29 R 59
192 18 S 317
185 38 R 58
213 40 R 89
200 6 R 10
363 19 S 472
487 17 R 55
21 6 R 12
276 25 R 28
171 27 R 48
156 12 S 269
427 19 R 60
447 7 R 88
436 18 S 317
298 18 R 60
31 12 R 14
199 7 R 9
142 13 S 251
172 12 S 85
296 20 R 51
310 38 R 47
171 15 R 48
525 40 R 25
389 42 S 78
435 20 R 54
87 18 S 176
523 5 R 22
564 35 R 31
553 25 R 54
343 15 R 99
144 17 S 143
8 6 S 9
258 19 S 381
16 6 R 11
66 31 R 57
231 42 S 125
228 12 S 356
17 7 R 61
15 40 R 10
190 23 R 46
368 17 R 57
109 29 S 216
142 14 S 65
523 7 R 22
619 6 R 63
267 25 R 51
83 42 S 135
312 13 S 181
196 12 S 198
206 40 R 12
87 17 S 173
404 20 R 30
284 17 R 56
136 36 R 30
402 13 S 131
587 18 R 29
107 12 R 88
192 16 R 54
363 17 R 55
521 29 S 57
536 17 R 57
108 40 S 210
476 18 R 30
609 15 S 614
582 12 R 86
221 25 R 30
513 19 R 30
167 21 R 59
77 18 S 157
510 17 R 55
526 6 R 27
458 13 S 337
111 6 R 24
248 16 R 57
448 5 S 203
298 23 R 60
88 20 R 58
561 39 S 597
255 31 R 46
127 8 R 25
42 24 S 95
541 15 R 46
92 42 R 77
13 28 S 37
517 14 S 180
486 17 R 54
423 42 S 88
16 12 R 11
452 19 R 59
523 12 R 22
572 38 R 54
137 18 R 59
385 25 R 30
240 42 S 70
386 17 R 29
99 12 S 41
105 41 S 211
435 16 R 54
15 8 R 10
124 18 S 234
412 12 S 41
90 13 S 177
374 19 R 60
318 21 R 53
405 19 R 29
156 42 S 78
19 5 R 62
286 17 R 60
587 16 R 29
72 12 S 132
161 12 S 85
134 19 S 246
447 41 R 88
16 7 R 11
565 15 S 169
231 14 S 119
417 17 S 416
245 17 S 244
98 21 R 48
41 17 R 60
129 12 R 27
520 39 R 24
362 16 R 54
596 25 R 72
263 16 R 57
534 42 S 348
297 23 R 46
218 41 R 20
208 14 S 39
184 17 S 309
286 18 R 60
233 12 S 361
239 19 R 59
495 19 R 56
385 17 R 30
399 15 R 16
102 42 S 44
209 40 R 13
71 6 R 28
231 13 S 121
35 14 S 65
576 7 R 23
176 14 S 83
442 10 R 28
489 39 S 559
244 13 S 131
201 12 R 11
545 40 R 92
107 7 R 88
271 25 R 55
178 16 R 60
289 19 R 57
227 17 R 59
189 27 R 51
191 24 R 60
104 41 S 211
321 39 R 7
583 5 R 93
201 39 R 11
466 14 S 344
385 16 R 30
285 31 R 57
289 34 R 57
228 42 S 70
127 6 R 25
388 25 R 52
12 25 S 31
201 5 R 11
218 6 R 20
38 25 S 79
586 17 R 30
135 16 R 58
619 12 R 63
333 40 R 91
367 17 R 56
163 20 S 93
362 18 S 473
169 23 R 56
77 25 R 49
188 20 R 49
603 40 S 210
95 42 R 80
408 35 R 59
373 15 R 46
37 12 S 75
328 39 R 87
376 16 R 55
301 21 R 30
285 18 R 57
517 12 S 432
295 19 S 175
448 6 S 194
328 12 R 87
549 17 R 60
188 27 R 49
131 19 R 57
567 35 R 47
31 8 R 14
284 19 R 56
234 12 S 361
202 39 R 61
586 29 R 30
89 16 R 59
355 19 R 57
600 18 S 570
443 14 S 161
535 15 R 56
20 42 S 44
82 12 S 41
600 16 R 54
174 20 R 47
138 42 S 70
576 39 R 23
416 14 S 288
44 18 R 58
592 17 R 53
108 5 S 203
177 18 R 57
600 35 R 54
500 13 S 84
594 15 R 29
570 14 S 288
303 18 R 31
569 13 S 289
89 19 R 59
582 40 R 86
302 19 R 29
39 12 S 85
583 12 R 93
0 9 S 4
52 10 R 26
458 42 S 341
556 17 R 55
597 41 R 63
406 16 R 31
85 21 R 60
271 18 S 390
87 22 R 49
347 29 R 98
106 12 R 90
549 19 R 60
191 19 R 60
256 31 R 60
107 41 R 88
284 23 R 56
456 14 S 336
8 40 S 25
442 40 R 28
519 17 R 53
27 28 S 56
510 19 S 569
468 18 R 30
40 23 R 57
55 25 S 117
204 12 R 62
448 7 S 208
241 17 R 56
292 17 S 416
217 14 S 344
616 5 R 64
167 15 R 59
616 41 R 64
186 42 S 135
199 39 R 9
328 40 R 87
298 15 R 60
614 15 R 73
290 19 R 60
65 14 S 130
220 41 R 23
315 20 R 52
114 19 R 57
153 13 S 74
229 25 R 48
235 28 S 56
246 13 S 131
59 45 R 1
590 14 S 336
616 7 R 64
312 42 S 185
233 42 S 125
511 17 R 54
180 12 S 132
39 42 S 88
406 22 R 31
106 41 R 90
613 7 R 94
182 18 R 60
511 27 R 54
300 18 S 423
575 25 S 602
335 7 R 93
509 19 S 569
554 16 R 55
437 10 R 26
508 18 R 60
246 14 S 130
335 10 R 93
294 27 R 50
406 20 R 31
405 20 R 29
300 20 R 55
209 7 R 13
89 27 R 59
36 25 S 71
566 12 S 132
443 25 S 162
338 18 R 60
477 19 R 29
136 28 R 30
75 25 R 60
187 20 R 50
516 38 R 52
573 16 R 55
333 5 R 91
425 17 R 56
452 17 R 59
455 42 S 341
317 42 S 44
604 38 S 611
78 17 R 58
564 18 R 31
121 18 R 57
300 27 R 55
296 15 R 51
597 8 R 63
360 29 R 46
89 20 R 59
222 28 R 29
159 14 S 65
504 15 R 50
43 24 R 49
590 12 S 542
524 25 S 577
567 16 S 415
407 15 S 495
199 40 R 9
192 24 R 54
497 17 R 60
473 14 S 119
270 17 R 54
112 25 S 218
277 20 S 93
209 12 R 13
29 13 S 61
98 27 R 48
78 18 R 58
535 16 R 56
554 18 S 473
205 42 S 44
241 31 R 56
556 16 R 55
436 23 R 55
159 13 S 273
409 13 S 496
86 27 S 92
7 38 S 8
240 14 S 65
562 15 R 30
129 6 R 27
9 12 S 27
467 15 R 97
192 23 R 54
501 27 S 92
353 19 R 56
574 5 R 20
251 19 R 57
270 18 S 390
331 42 S 449
111 41 R 24
222 29 R 29
156 14 S 72
369 19 R 60
424 24 R 53
232 29 R 47
368 18 R 57
238 15 S 367
577 40 R 21
612 40 R 92
172 14 S 83
526 10 R 27
324 25 S 442
207 41 R 85
594 29 R 29
408 17 R 59
533 13 S 337
563 35 R 29
421 24 R 52
424 17 R 53
576 12 R 23
126 28 S 56
552 29 R 96
228 14 S 65
446 5 R 90
302 22 R 29
444 40 S 210
142 12 S 252
434 19 S 517
296 21 R 51
375 16 R 54
224 10 R 21
268 25 R 46
53 25 S 111
87 19 S 175
173 14 S 83
328 7 R 87
79 25 R 65
564 34 R 31
144 16 S 142
376 19 S 480
258 18 S 382
461 12 S 338
108 41 S 211
251 17 R 57
190 20 R 46
368 16 R 57
457 16 S 455
227 25 R 59
312 12 S 432
206 41 R 12
404 21 R 30
593 29 R 30
284 16 R 56
553 16 R 54
406 19 R 31
402 12 S 132
516 17 R 52
587 19 R 29
42 22 S 97
413 42 S 44
257 16 R 54
420 23 R 47
599 15 R 74
132 16 R 60
508 30 S 409
273 16 R 57
246 42 S 135
574 40 R 20
443 42 S 44
170 42 S 293
167 20 R 59
619 10 R 63
580 7 R 83
77 19 S 156
339 29 R 101
387 16 R 31
458 12 S 542
572 17 R 54
0 6 S 3
412 14 S 500
248 19 R 57
298 20 R 60
318 27 R 53
88 21 R 58
111 10 R 24
470 16 R 31
424 23 R 53
439 25 S 523
352 12 R 19
288 42 S 135
486 16 R 54
281 28 S 402
117 12 R 22
202 10 R 61
263 18 R 57
386 16 R 29
47 7 R 87
105 40 S 210
435 17 R 54
574 6 R 20
90 12 S 178
597 12 R 63
247 12 S 374
374 18 R 60
96 14 R 81
398 12 S 198
286 16 R 60
587 17 R 29
498 31 S 564
161 13 S 84
427 16 R 60
134 18 S 247
542 16 R 60
447 40 R 88
122 30 S 228
546 29 R 100
220 12 R 23
390 13 S 74
84 19 R 57
582 6 R 86
199 5 R 9
47 12 R 87
263 17 R 57
483 16 R 54
297 22 R 46
184 16 S 308
233 13 S 121
15 12 R 10
445 7 S 208
97 14 R 82
186 14 S 130
514 38 R 29
542 17 R 60
474 29 R 53
390 14 S 72
135 18 R 58
375 15 R 54
22 8 R 85
619 40 R 63
244 12 S 132
119 12 S 132
154 14 S 72
227 18 R 59
344 42 S 135
191 27 R 60
114 31 R 57
519 38 R 53
466 13 S 345
115 16 R 60
289 35 R 57
553 18 S 473
344 13 S 131
232 17 S 231
493 15 R 70
478 17 R 31
293 15 R 58
586 16 R 30
611 6 S 194
135 17 R 58
569 42 S 293
504 35 R 50
512 15 R 55
163 23 S 96
169 22 R 56
188 21 R 49
320 7 R 83
47 6 R 87
432 19 R 60
408 34 R 59
385 18 R 30
266 25 R 50
37 13 S 74
396 13 S 289
421 17 R 52
301 20 R 30
200 5 R 10
612 7 R 92
577 10 R 21
588 19 R 31
544 29 R 55
93 13 R 78
216 13 S 337
340 19 S 458
202 6 R 61
518 42 S 185
545 10 R 92
548 31 R 57
491 15 R 17
447 39 R 88
200 7 R 10
89 17 R 59
444 12 S 198
302 17 R 29
39 14 S 83
150 19 R 59
582 7 R 86
119 42 S 135
316 42 S 44
586 18 R 30
318 17 R 53
207 7 R 85
600 19 S 569
13 36 S 32
174 21 R 47
414 35 R 48
320 8 R 83
355 31 R 57
361 18 R 60
193 24 R 55
106 7 R 90
291 15 S 410
248 31 R 57
592 16 R 53
432 17 R 60
177 19 R 57
500 12 S 85
472 14 S 119
99 13 S 40
570 13 S 289
345 29 R 57
303 19 R 31
463 15 R 59
46 5 R 84
302 18 R 29
39 13 S 84
269 30 S 151
492 13 S 131
383 16 R 53
251 16 R 57
526 5 R 27
510 35 R 55
406 15 R 31
85 20 R 60
271 19 S 389
206 39 R 12
574 10 R 20
144 31 R 47
565 24 S 95
551 10 R 94
200 10 R 10
20 13 S 40
69 16 S 142
445 40 S 210
256 30 S 138
404 17 R 30
207 3 S 329
284 24 R 56
206 12 R 12
303 21 R 31
8 41 S 26
442 41 R 28
65 12 S 132
566 42 S 135
86 15 S 169
311 12 S 432
356 31 R 60
292 16 S 415
590 42 S 341
167 16 R 59
92 13 R 77
454 29 R 48
180 14 S 130
288 12 S 132
509 34 R 54
157 14 S 72
328 41 R 87
22 12 R 85
576 41 R 23
290 18 R 60
607 15 R 54
220 8 R 23
511 21 R 54
184 38 R 49
315 23 R 52
108 6 S 194
246 12 S 374
295 27 R 49
410 38 R 73
41 24 R 60
317 13 S 40
338 19 R 60
357 31 S 470
122 29 R 60
405 16 R 29
69 18 S 146
76 25 R 32
548 17 R 57
337 16 R 57
66 19 R 57
101 23 R 47
607 16 R 54
24 7 R 13
589 15 R 52
509 16 R 54
15 6 R 10
305 16 R 59
352 40 R 19
294 24 R 50
406 21 R 31
121 16 R 57
300 21 R 55
334 10 R 86
480 14 S 130
543 17 R 54
155 25 R 47
327 10 R 84
602 6 R 19
308 13 S 181
187 23 R 50
101 24 R 47
473 12 S 361
484 19 S 381
177 31 R 57
276 13 R 28
262 25 R 33
78 16 R 58
535 18 R 56
137 19 R 59
121 19 R 57
556 18 S 481
319 25 S 437
71 12 R 28
52 6 R 26
589 29 R 52
505 15 R 49
70 17 R 58
435 23 R 54
43 27 R 49
121 29 R 57
573 19 S 517
415 12 S 290
567 17 S 416
80 28 S 37
448 10 S 205
588 16 R 31
547 29 R 56
218 7 R 20
270 16 R 54
432 30 S 306
277 27 S 92
422 13 S 84
16 8 R 11
127 12 R 25
535 17 R 56
545 8 R 92
413 14 S 500
94 42 R 79
356 17 R 60
299 21 R 54
25 14 S 50
106 8 R 90
436 24 R 55
349 29 S 466
95 12 R 80
581 6 R 91
603 41 S 211
86 24 S 95
552 15 R 96
421 22 R 52
520 5 R 24
603 10 S 205
165 25 S 283
111 40 R 24
252 19 R 60
422 14 S 83
178 31 R 60
506 34 R 51
6 15 S 7
54 13 S 114
584 29 S 461
612 41 R 92
290 30 S 409
375 18 S 481
251 31 R 57
46 40 R 84
239 15 R 59
207 40 R 85
380 17 R 52
168 13 S 285
408 16 R 59
224 5 R 21
4 43 R 6
582 5 R 86
424 16 R 53
408 15 R 59
537 18 R 60
126 29 S 57
139 36 R 29
80 30 S 159
521 25 S 574
571 35 R 53
171 21 R 48
335 5 R 93
334 6 R 86
496 19 R 57
302 23 R 29
54 14 S 65
265 31 S 387
444 41 S 211
107 5 R 88
221 29 R 30
19 7 R 62
544 15 R 55
296 22 R 51
375 17 R 54
485 39 R 36
517 42 S 185
285 19 R 57
284 18 R 56
292 35 R 49
545 5 R 92
37 38 S 73
333 7 R 91
338 29 R 60
258 17 R 55
434 38 R 55
50 42 S 109
588 18 R 31
510 18 S 570
149 39 S 262
236 29 S 57
539 15 R 50
541 29 R 46
190 21 R 46
457 17 S 456
603 12 S 198
611 41 S 211
482 17 R 53
299 15 R 54
252 31 R 60
572 19 S 517
404 22 R 30
261 13 S 384
176 42 S 88
516 16 R 52
117 41 R 22
3 43 R 5
42 23 S 96
169 18 R 56
280 15 R 71
559 5 R 64
257 17 R 54
74 25 R 57
471 25 R 52
414 15 R 48
496 17 R 57
273 17 R 57
427 30 S 138
582 10 R 86
167 23 R 59
77 16 S 153
447 6 R 88
387 17 R 31
572 16 R 54
248 18 R 57
298 21 R 60
247 14 S 130
318 24 R 53
183 38 R 74
88 22 R 58
562 35 R 30
17 5 R 61
613 41 R 94
505 34 R 49
430 38 R 51
337 29 R 57
412 42 S 44
395 28 R 31
363 29 R 55
297 15 R 46
382 42 S 70
225 15 S 353
247 42 S 135
49 38 S 108
513 16 R 30
100 13 S 40
309 12 S 182
263 19 R 57
99 14 S 186
525 7 R 25
435 18 S 317
306 14 S 65
101 16 S 99
247 13 S 131
72 14 S 130
427 17 R 60
41 23 R 60
97 12 R 82
104 6 S 194
603 6 S 194
470 17 R 31
417 15 R 47
390 12 S 269
245 15 R 47
84 18 R 57
424 22 R 53
244 14 S 130
356 18 R 60
129 10 R 27
119 14 S 130
191 21 R 60
2 43 S 5
483 17 R 54
297 21 R 46
19 12 R 62
184 19 S 311
530 12 R 89
520 40 R 24
334 8 R 86
91 42 S 185
205 14 S 39
186 13 S 131
362 25 R 54
538 31 S 588
422 42 S 88
135 19 R 58
488 35 S 413
201 10 R 11
333 41 R 91
119 13 S 131
154 13 S 74
227 19 R 59
580 39 R 83
1 45 E 0
325 12 S 80
466 12 S 346
71 41 R 28
115 17 R 60
146 14 S 65
351 42 S 348
344 12 S 132
232 16 S 230
24 10 R 13
478 16 R 31
455 12 S 338
586 15 R 30
336 13 S 131
576 6 R 23
163 22 S 97
289 16 R 57
169 21 R 56
580 5 R 83
188 22 R 49
423 12 S 298
432 18 R 60
611 5 S 203
564 19 R 31
13 37 S 33
385 19 R 30
592 29 R 53
396 12 S 290
301 27 R 30
448 40 S 210
48 38 S 105
420 15 R 47
193 18 S 317
367 18 R 56
174 27 R 47
526 40 R 27
361 16 R 60
79 42 R 65
103 12 S 191
276 42 R 28
389 14 S 72
352 8 R 19
426 17 R 57
574 7 R 20
216 12 S 338
244 42 S 135
340 18 S 459
554 25 R 55
390 42 S 78
500 14 S 83
447 12 R 88
442 5 R 28
581 40 R 91
436 20 R 55
433 18 S 518
437 7 R 26
329 38 S 445
302 16 R 29
270 25 R 54
150 18 R 59
438 25 S 520
55 29 S 57
318 16 R 53
327 39 R 84
143 42 S 70
62 25 R 15
414 34 R 48
469 25 R 29
361 19 R 60
602 12 R 19
565 22 S 97
193 23 R 55
474 16 R 53
11 41 S 26
445 41 S 211
432 16 R 60
584 15 S 605
571 16 R 53
79 12 R 65
74 17 R 57
570 12 S 508
607 29 R 54
578 38 S 603
259 16 R 56
542 18 R 60
492 12 S 132
383 17 R 53
52 12 R 26
559 12 R 64
568 34 R 52
85 27 R 60
512 22 R 55
87 24 R 49
106 10 R 90
31 5 R 14
269 18 R 60
536 31 R 57
167 18 R 59
426 19 R 57
20 12 S 41
69 17 S 143
527 12 S 281
404 16 R 30
286 31 R 60
303 20 R 31
40 17 R 57
336 42 S 135
547 15 R 56
162 15 R 68
65 13 S 131
213 6 R 89
44 17 R 58
442 39 R 28
295 21 R 49
322 39 R 14
84 20 R 57
356 30 S 138
536 18 R 57
392 13 R 27
320 5 R 83
117 7 R 22
167 17 R 59
92 12 R 77
559 8 R 64
509 35 R 54
309 42 S 185
577 5 R 21
74 19 R 57
290 17 R 60
484 31 R 55
82 42 S 44
88 16 R 58
553 29 R 54
511 20 R 54
125 18 R 58
315 22 R 52
582 3 R 86
571 15 R 53
310 17 S 309
115 31 R 60
406 27 R 31
117 5 R 22
84 27 R 57
360 25 R 46
44 20 R 58
283 15 R 67
405 17 R 29
69 19 S 145
208 42 S 44
577 39 R 21
548 16 R 57
497 30 S 138
337 17 R 57
146 42 S 70
66 18 R 57
525 12 R 25
101 22 R 47
573 18 S 518
70 31 R 58
106 6 R 90
507 15 R 46
11 8 R 8
340 29 R 49
305 17 R 59
352 41 R 19
335 12 R 93
121 17 R 57
300 22 R 55
315 27 R 52
377 18 R 30
44 27 R 58
477 17 R 29
294 15 R 50
23 14 S 39
308 12 S 182
511 18 S 423
542 19 R 60
415 14 S 288
187 22 R 50
314 23 R 47
536 19 R 57
182 17 R 60
473 13 S 121
19 10 R 62
497 18 R 60
222 25 R 29
484 18 S 382
313 15 S 169
276 12 R 28
232 25 R 47
523 39 R 22
576 5 R 23
535 19 R 56
320 6 R 83
16 40 R 11
47 41 R 87
461 42 S 341
70 16 R 58
401 28 S 492
8 7 S 23
95 14 R 80
23 13 S 40
217 13 S 345
100 42 S 44
415 13 S 289
14 12 R 9
264 17 R 60
85 16 R 60
543 19 S 590
43 16 S 99
583 10 R 93
514 19 R 29
209 10 R 13
601 18 S 570
422 12 S 298
223 29 R 31
27 30 S 54
274 19 R 60
478 18 R 31
356 16 R 60
299 20 R 54
333 12 R 91
22 40 R 85
427 18 R 60
230 13 S 121
354 25 R 33
95 13 R 80
475 25 R 38
421 21 R 52
537 16 R 60
15 5 R 10
178 30 S 138
54 12 S 115
530 41 R 89
314 24 R 47
299 18 S 423
375 19 S 480
494 10 S 205
508 15 R 60
46 41 R 84
239 16 R 59
435 24 R 54
612 39 R 92
380 16 R 52
469 16 R 29
580 10 R 83
230 14 S 119
68 31 S 140
168 12 S 286
408 19 R 59
619 41 R 63
181 38 R 57
85 18 R 60
353 16 R 56
130 14 S 130
494 7 S 208
139 37 R 29
171 20 R 48
207 6 R 85
369 16 R 60
190 27 R 46
302 20 R 29
105 7 S 208
221 28 R 30
434 17 R 55
296 23 R 51
198 28 S 37
224 12 R 21
285 16 R 57
173 12 S 85
273 31 R 57
292 34 R 49
404 27 R 30
439 29 S 57
169 16 R 56
258 16 R 55
114 17 R 57
508 35 R 60
341 16 R 58
611 40 S 210
137 16 R 59
482 16 R 53
299 16 R 54
308 42 S 185
252 30 S 138
312 14 S 180
469 18 R 29
404 23 R 30
333 8 R 91
494 12 S 198
88 24 R 58
471 16 R 52
117 40 R 22
129 7 R 27
42 20 S 93
304 15 S 425
169 19 R 56
334 3 R 86
452 29 R 59
107 6 R 88
533 42 S 341
84 15 R 57
52 40 R 26
496 16 R 57
427 31 R 60
476 15 R 30
481 42 S 135
167 22 R 59
31 7 R 14
77 17 S 154
481 14 S 130
254 31 R 51
17 8 R 61
346 29 R 60
274 31 R 60
200 40 R 10
359 29 R 51
88 23 R 58
73 13 S 148
111 12 R 24
568 15 R 52
505 35 R 49
409 42 S 70
258 31 R 55
14 6 R 9
365 25 R 40
132 19 R 60
117 10 R 22
600 34 R 54
341 18 R 58
127 7 R 25
513 17 R 30
100 12 S 41
188 17 S 100
435 19 S 316
191 30 S 90
306 13 S 426
101 17 S 100
384 29 S 261
297 27 R 46
242 15 R 48
196 6 S 194
540 15 R 51
16 5 R 11
348 29 R 58
41 22 R 60
97 13 R 82
133 15 S 241
598 12 S 290
420 20 R 47
98 24 R 48
445 6 S 194
51 42 S 110
603 7 S 208
608 15 R 55
428 31 S 515
512 19 S 422
291 34 S 412
189 23 R 51
580 12 R 83
545 6 R 92
191 20 R 60
213 12 R 89
374 30 S 240
483 18 S 382
297 20 R 46
374 17 R 60
553 17 R 54
587 29 R 29
184 18 S 312
237 25 R 41
574 41 R 20
134 17 S 244
186 12 S 132
31 41 R 14
455 14 S 336
420 27 R 47
542 15 R 60
330 38 S 448
488 34 S 412
123 25 R 32
163 24 S 95
169 27 R 56
154 12 S 75
104 12 S 198
189 24 R 51
608 18 S 591
423 14 S 83
56 13 S 121
340 15 R 49
476 16 R 30
224 6 R 21
611 12 S 198
557 25 R 73
71 40 R 28
115 18 R 60
146 13 S 251
143 12 S 252
201 7 R 11
106 3 S 48
396 14 S 288
478 15 R 31
583 7 R 93
185 18 R 58
455 13 S 337
503 15 R 76
336 12 S 132
588 17 R 31
512 17 R 55
103 14 S 186
289 17 R 57
169 20 R 56
540 29 R 51
342 29 S 461
188 23 R 49
314 17 S 100
131 15 R 57
418 14 S 288
423 13 S 84
52 7 R 26
616 6 R 64
459 14 S 336
217 42 S 348
573 38 R 55
23 42 S 44
494 6 S 194
581 12 R 91
421 15 R 52
616 39 R 64
448 41 S 211
105 12 S 198
502 15 R 75
193 19 S 316
367 19 R 56
174 24 R 47
470 25 R 31
57 12 S 126
361 17 R 60
103 13 S 40
474 17 R 53
191 16 R 60
426 16 R 57
543 18 S 591
472 12 S 361
613 40 R 94
346 30 S 464
610 39 S 616
46 12 R 84
350 15 R 95
79 14 R 65
507 35 R 46
433 19 S 517
108 10 S 205
105 5 S 203
417 34 R 47
209 39 R 13
468 17 R 30
567 34 R 47
562 19 R 30
13 30 S 35
81 14 R 66
170 14 S 288
512 24 R 55
241 18 R 56
449 15 S 532
601 16 R 55
523 6 R 22
193 22 R 55
565 21 S 94
11 40 S 25
20 14 S 39
398 5 S 203
138 14 S 65
79 13 R 65
549 30 S 138
74 16 R 57
202 40 R 61
259 17 R 56
40 27 R 57
551 7 R 94
605 25 S 612
446 6 R 90
512 23 R 55
87 27 R 49
41 30 S 90
269 19 R 60
67 16 R 60
601 19 S 569
167 19 R 59
426 18 R 57
92 14 R 77
551 12 R 94
200 12 R 10
249 30 S 138
177 16 R 57
210 14 S 331
286 30 S 138
206 10 R 12
598 13 S 289
303 23 R 31
40 16 R 57
202 7 R 61
315 24 R 52
27 25 S 52
199 10 R 9
398 6 S 194
53 29 S 57
295 20 R 49
19 41 R 62
467 29 R 97
84 21 R 57
515 16 R 31
87 15 R 49
392 12 R 27
72 42 S 135
223 25 R 31
288 14 S 130
495 15 R 56
157 12 S 269
257 31 R 54
22 10 R 85
74 18 R 57
290 16 R 60
607 17 R 54
88 19 R 58
511 23 R 54
125 19 R 58
168 42 S 70
570 42 S 293
279 38 S 398
235 25 R 44
310 16 S 308
406 24 R 31
17 41 R 61
64 25 S 129
453 14 S 65
292 19 S 418
425 38 R 56
377 16 R 30
44 21 R 58
305 38 R 59
121 25 R 57
308 14 S 180
379 18 R 31
530 5 R 89
187 24 R 50
66 17 R 57
101 21 R 47
161 42 S 88
568 35 R 52
43 19 S 102
140 28 R 31
546 15 R 100
300 15 R 55
276 14 R 28
196 39 R 8
419 14 S 288
71 5 R 28
43 18 S 103
298 30 S 168
294 22 R 50
148 39 R 34
300 23 R 55
28 39 S 59
89 24 R 59
19 8 R 62
377 19 R 30
122 17 R 60
90 42 S 70
158 28 S 37
217 12 S 346
511 19 S 422
328 6 R 87
81 25 R 66
602 39 R 19
543 29 R 54
182 16 R 60
71 7 R 28
196 5 S 203
112 29 S 57
252 17 R 60
421 16 R 52
388 17 R 52
619 39 R 63
478 19 R 31
11 10 S 20
16 41 R 11
216 42 S 341
47 40 R 87
480 13 S 131
154 42 S 78
43 21 R 49
591 12 S 542
468 25 R 30
379 16 R 31
17 12 R 61
499 38 R 72
264 16 R 60
85 17 R 60
301 18 R 30
192 27 R 54
501 23 S 96
43 17 S 100
509 17 R 54
126 25 R 45
514 18 R 29
563 15 R 29
544 19 S 590
21 12 R 12
436 16 R 55
274 18 R 60
413 12 S 41
290 35 R 60
579 15 S 604
299 23 R 54
22 41 R 85
564 16 R 31
129 41 R 27
230 12 S 122
122 19 R 60
86 22 S 97
256 19 R 60
495 34 R 56