611 9 200
42 26 91
104 33 209
174 16 297
142 15 253
87 16 171
104 27 204
245 16 373
412 24 502
198 10 323
217 18 347
56 15 123
196 9 200
10 2 28
196 29 207
534 35 350
611 28 206
104 28 206
103 18 193
157 18 271
415 15 504
344 15 462
11 19 16
73 12 149
35 18 69
398 5 489
75 10 150
196 7 197
435 17 315
124 16 229
427 10 137
390 18 487
0 1 1
603 7 197
603 33 209
534 18 347
108 20 202
600 17 568
325 9 81
108 33 209
534 34 585
235 14 365
257 17 380
252 10 137
611 8 199
105 33 209
494 9 200
143 15 254
38 9 81
567 16 507
108 19 201
362 17 471
494 27 204
216 15 339
461 37 546
416 15 506
269 10 150
105 28 206
27 11 55
11 5 30
314 16 190
193 17 318
464 15 550
398 33 209
317 18 436
445 33 209
87 17 174
54 15 116
398 19 201
434 17 519
412 15 501
247 18 376
216 36 342
537 10 137
609 25 615
448 29 207
436 17 318
43 17 101
142 18 69
500 15 565
444 6 196
340 17 457
510 17 571
258 17 383
445 28 206
23 24 49
413 18 43
448 6 196
173 18 295
611 33 209
554 17 474
374 10 239
154 15 267
27 14 58
336 15 451
398 27 204
389 18 486
402 15 493
72 18 134
175 18 299
207 30 327
180 18 134
445 5 529
533 18 340
196 33 209
494 33 209
216 18 340
112 14 219
217 35 350
11 8 14
182 10 305
22 30 46
309 18 184
416 18 505
413 15 501
108 5 214
196 19 201
100 18 188
101 16 190
461 15 339
292 16 414
542 10 452
494 5 561
188 16 98
448 8 199
126 14 237
310 16 431
480 18 555
67 10 137
448 27 204
413 24 503
533 15 339
120 12 226
208 15 42
155 16 268
448 33 209
448 28 206
325 21 443
444 27 204
518 18 573
77 16 152
444 33 209
299 17 421
444 7 197
544 17 592
186 18 134
105 9 200
132 10 239
492 15 560
433 17 516
172 18 295
48 29 106
208 18 43
311 18 433
527 7 280
521 14 575
158 11 272
448 20 202
543 17 589
86 26 170
364 14 475
8 28 21
8 6 11
603 9 200
553 17 471
494 28 206
398 29 207
603 29 207
231 18 124
438 11 521
472 18 553
448 5 531
196 5 321
105 7 197
99 18 188
105 29 207
300 17 424
82 24 165
443 18 43
446 31 328
443 24 165
205 15 42
500 18 87
192 17 315
494 20 202
611 29 207
38 21 82
295 16 171
598 18 292
444 9 200
505 17 567
20 18 43
270 17 388
208 24 330
445 27 204
236 14 366
56 18 124
159 18 69
409 18 69
80 11 160
517 18 572
573 17 519
611 20 202
154 18 77
104 6 196
611 6 196
184 16 307
398 28 206
555 17 479
108 8 199
72 15 147
603 8 199
369 10 137
153 15 266
20 15 42
603 27 204
464 18 69
83 15 166
418 18 509
445 19 201
91 18 184
256 10 137
22 31 47
264 10 137
308 15 429
41 10 89
85 10 167
11 7 12
11 33 24
77 17 155
448 7 197
290 10 408
298 10 167
492 18 134
230 18 124
611 7 197
207 31 328
106 30 213
590 18 607
108 6 196
170 18 292
444 5 528
278 18 77
105 20 202
151 18 69
156 18 270
159 15 275
444 28 206
191 10 89
549 10 137
54 18 69
146 18 258
601 17 571
90 18 69
438 14 522
363 17 474
164 23 282
13 10 34
180 15 304
457 16 541
228 15 357
444 19 201
205 18 43
35 15 68
309 15 430
319 14 440
151 15 265
196 8 199
83 18 134
445 7 197
445 8 199
288 18 134
456 18 340
420 16 297
55 14 118
65 15 133
598 15 609
90 15 179
69 17 144
82 22 164
398 6 196
611 19 201
163 26 278
511 17 421
104 20 202
382 18 484
417 16 507
501 26 566
170 15 291
143 18 69
43 16 98
100 15 189
138 18 69
481 18 556
196 6 196
82 18 43
445 6 196
23 15 42
122 10 227
230 15 358
124 17 232
603 28 206
361 10 227
398 20 202
398 8 199
8 29 22
412 18 43
444 8 199
402 18 134
233 18 362
8 27 19
104 9 200
104 29 207
11 27 19
494 6 196
445 9 200
419 18 510
486 17 388
291 25 411
422 18 511
487 17 391
198 11 324
271 17 391
108 7 197
53 14 113
172 15 294
461 18 340
184 17 310
466 18 347
448 9 200
8 5 10
565 26 598
375 17 479
591 18 608
11 6 11
80 10 158
346 10 463
381 18 483
319 10 438
130 18 134
473 18 554
231 15 359
53 11 112
161 18 87
82 15 163
509 17 568
329 32 447
494 8 199
445 20 202
319 11 439
603 5 610
69 16 141
288 15 407
444 29 207
102 18 192
466 35 552
27 10 53
126 11 236
398 9 200
168 15 287
119 18 134
235 11 364
105 19 201
173 15 296
274 10 137
456 15 540
508 10 408
11 20 17
533 37 343
444 20 202
453 18 69
458 18 543
108 27 204
566 18 134
244 18 134
336 18 134
281 10 401
398 7 197
234 18 363
572 17 516
338 10 452
205 24 326
153 18 77
8 33 24
105 27 204
144 16 255
104 5 195
29 3 60
37 18 77
396 18 292
244 15 372
0 4 2
556 17 482
448 19 201
8 9 15
23 18 43
126 10 235
164 7 280
11 28 21
409 15 498
104 19 201
505 16 414
217 34 349
99 15 187
445 29 207
316 18 435
443 22 527
356 10 137
455 18 340
20 24 45
306 18 69
8 20 17
105 6 196
453 15 538
494 7 197
344 18 134
323 11 441
134 17 245
161 15 277
178 10 137
186 15 313
512 17 424
483 17 380
603 20 202
494 29 207
91 15 183
527 23 579
488 25 558
13 11 36
295 17 420
570 18 601
145 18 257
243 18 134
351 18 467
196 27 204
603 6 196
39 18 87
446 30 530
439 14 524
329 29 446
611 5 617
37 15 76
34 11 64
196 28 206
396 15 488
65 18 134
105 8 199
384 13 485
8 8 14
11 9 15
8 7 12
278 15 397
11 29 22
611 27 204
105 5 212
249 10 137
134 16 242
566 15 599
308 18 184
240 15 370
455 15 539
306 15 428
484 17 383
176 18 300
48 32 107
228 18 69
138 15 250
216 37 343
423 18 512
376 17 482
459 18 544
286 10 137
106 31 47
108 9 200
108 29 207
188 17 314
240 18 69
39 15 86
533 36 584
246 18 375
104 8 199
104 7 197
603 19 201
115 10 137
130 15 238
569 18 600
8 19 16
607 17 589
494 19 201
497 10 137
196 20 202
108 28 206
243 15 371
432 10 305
148 13 260
168 18 69
292 17 417
119 15 225
608 17 592
340 16 454
232 16 360
312 18 434
415 18 505
277 26 396
443 15 163